20130101;03034;-1.0;1250
20130101;03035;7.0;1355
20130101;03037;-2.0;1435
20130101;03039;-14.0;1445
20130101;03047;9.8;1420
20130101;03049;9.8;1415
20130101;03050;4.8;1555
20130101;03052;-5.0;1155
20130101;03054;-0.5;1300
20130101;03056;5.4;1555
20130101;03061;-7.4;1425
20130102;03034;0.0;1450
20130102;03035;6.0;1415
20130102;03037;0.0;1135
20130102;03039;-9.0;1106
20130102;03045;1.0;1315
20130102;03047;10.5;1545
20130102;03049;10.6;1335
20130102;03050;8.2;1655
20130102;03052;1.0;1355
20130102;03056;8.1;1615
20130102;03061;-6.8;1445
20130103;03034;0.0;1450
20130103;03035;-1.0;0015
20130103;03037;-2.0;1335
20130103;03039;-11.0;1406
20130103;03045;1.0;1515
20130103;03047;1.7;0015
20130103;03049;0.7;0135
20130103;03050;4.0;1335
20130103;03052;1.0;1515
20130103;03055;-0.1;1455
20130103;03056;1.8;1435
20130103;03061;-5.4;1405
20130104;03034;-1.0;1450
20130104;03035;0.0;1455
20130104;03037;2.0;1455
20130104;03039;-6.0;1246
20130104;03045;3.0;1155
20130104;03047;1.5;1610
20130104;03049;0.0;1655
20130104;03050;2.6;0015
20130104;03052;2.0;1215
20130104;03055;3.1;1315
20130104;03056;-0.1;1615
20130104;03061;-7.2;1345
20130105;03034;4.0;1550
20130105;03035;8.0;1515
20130105;03037;3.0;1415
20130105;03039;-1.0;1246
20130105;03045;5.0;1435
20130105;03047;11.2;1640
20130105;03049;6.3;1555
20130105;03050;13.8;1615
20130105;03052;6.0;1355
20130105;03055;5.0;1535
20130105;03056;11.1;1615
20130105;03061;-0.4;1320
20130106;03034;3.0;1550
20130106;03035;7.0;1435
20130106;03037;6.0;1435
20130106;03039;-2.0;1147
20130106;03045;9.0;1415
20130106;03047;10.7;1610
20130106;03049;9.0;1615
20130106;03050;12.5;1615
20130106;03052;9.0;1435
20130106;03055;7.6;1455
20130106;03056;10.1;1615
20130106;03061;-0.1;1440
20130107;03034;7.0;1550
20130107;03035;8.0;1515
20130107;03037;6.0;1215
20130107;03039;0.0;1407
20130107;03045;10.0;1415
20130107;03047;11.7;1520
20130107;03049;11.6;1515
20130107;03050;9.6;1235
20130107;03052;10.0;1435
20130107;03055;9.1;1410
20130107;03056;10.3;1555
20130107;03061;1.2;1435
20130108;03034;8.0;1350
20130108;03035;9.0;1435
20130108;03037;8.0;1555
20130108;03039;-2.0;1206
20130108;03045;13.0;1455
20130108;03047;7.4;1530
20130108;03049;2.0;1715
20130108;03050;7.6;2115
20130108;03052;13.0;1415
20130108;03055;14.4;1500
20130108;03056;7.4;1735
20130108;03061;0.6;2150
20130109;03034;9.0;1350
20130109;03035;12.0;1455
20130109;03037;9.0;1355
20130109;03039;0.0;1427
20130109;03045;10.0;1155
20130109;03047;8.0;0345
20130109;03049;3.6;0555
20130109;03050;7.3;0155
20130109;03052;9.0;1455
20130109;03055;11.1;1400
20130109;03056;6.7;0015
20130109;03061;2.8;1330
20130110;03034;4.0;1350
20130110;03035;15.0;1455
20130110;03037;3.0;1455
20130110;03039;-4.0;0007
20130110;03045;6.0;1555
20130110;03047;15.1;1700
20130110;03049;12.0;1535
20130110;03050;13.0;1615
20130110;03052;6.0;1535
20130110;03055;8.3;1650
20130110;03056;13.0;1615
20130110;03061;0.1;1330
20130111;03034;3.0;0155
20130111;03035;15.0;0935
20130111;03037;13.0;1335
20130111;03039;-10.0;0007
20130111;03045;16.0;1255
20130111;03047;19.8;1425
20130111;03049;17.7;1555
20130111;03050;19.5;1535
20130111;03052;15.0;1235
20130111;03055;15.0;1315
20130111;03056;18.6;1615
20130111;03060;-10.6;1205
20130111;03061;-2.5;0000
20130112;03034;-4.0;1250
20130112;03035;8.0;1455
20130112;03037;-5.0;1235
20130112;03039;-21.0;1027
20130112;03045;0.0;0015
20130112;03047;11.2;1450
20130112;03049;13.5;0035
20130112;03050;12.5;0015
20130112;03052;0.0;0035
20130112;03055;-2.3;0000
20130112;03056;8.1;1535
20130112;03060;-12.4;1325
20130112;03061;-11.5;1410
20130113;03034;-4.0;1350
20130113;03035;3.0;1415
20130113;03037;-4.0;1455
20130113;03039;-22.0;1107
20130113;03045;-2.0;1355
20130113;03047;5.7;1600
20130113;03049;5.1;1555
20130113;03050;1.2;1415
20130113;03052;-5.0;1535
20130113;03055;-3.1;1510
20130113;03056;3.2;1535
20130113;03060;-13.5;1420
20130113;03061;-15.0;0240
20130114;03034;-4.0;1550
20130114;03035;-2.0;1435
20130114;03037;-2.0;1435
20130114;03039;-20.0;1107
20130114;03045;-1.0;1315
20130114;03047;4.4;1555
20130114;03049;-0.7;1735
20130114;03050;2.6;1615
20130114;03052;-1.0;1335
20130114;03055;-2.0;1535
20130114;03056;0.6;1615
20130114;03060;-16.3;1155
20130115;03034;-6.0;1450
20130115;03035;2.0;1455
20130115;03037;0.0;1355
20130115;03039;-12.0;2127
20130115;03045;1.0;1355
20130115;03047;4.1;1605
20130115;03049;2.0;1515
20130115;03050;2.6;1435
20130115;03052;-1.0;1255
20130115;03055;-0.2;1515
20130115;03056;-5.5;0015
20130115;03060;-13.0;1510
20130116;03033;3.8;1615
20130116;03034;2.0;1450
20130116;03035;11.0;1555
20130116;03037;10.0;1315
20130116;03039;-6.0;0628
20130116;03045;12.0;1435
20130116;03047;12.8;1635
20130116;03049;9.5;1455
20130116;03050;11.0;1615
20130116;03052;10.0;1555
20130116;03055;11.6;1435
20130116;03060;-3.3;1435
20130117;03033;9.4;1555
20130117;03034;7.0;1550
20130117;03035;13.0;1435
20130117;03037;11.0;1415
20130117;03045;11.0;1355
20130117;03047;15.7;1545
20130117;03049;13.0;1455
20130117;03050;13.1;1555
20130117;03052;10.0;1455
20130117;03055;11.3;1510
20130117;03060;0.8;1445
20130118;03033;11.2;1455
20130118;03034;9.0;1550
20130118;03035;15.0;1415
20130118;03037;15.0;1335
20130118;03045;17.0;1555
20130118;03047;17.6;1540
20130118;03049;14.2;1415
20130118;03050;16.4;1555
20130118;03052;15.0;1515
20130118;03055;15.8;1520
20130118;03060;1.7;1415
20130119;03033;11.9;1455
20130119;03034;9.0;1350
20130119;03035;18.0;1435
20130119;03037;14.0;1415
20130119;03045;16.0;1335
20130119;03047;20.6;1645
20130119;03049;20.9;1555
20130119;03050;19.4;1655
20130119;03052;15.0;1435
20130119;03055;15.6;1430
20130119;03060;2.3;1435
20130120;03033;12.6;1335
20130120;03034;10.0;1550
20130120;03035;18.0;1615
20130120;03037;6.0;1335
20130120;03045;17.0;1435
20130120;03047;19.1;1650
20130120;03049;20.3;1555
20130120;03050;18.8;1635
20130120;03052;16.0;1335
20130120;03055;13.6;1235
20130120;03060;1.8;1405
20130121;03033;11.8;1415
20130121;03034;9.0;1450
20130121;03035;9.0;1535
20130121;03037;6.0;1435
20130121;03045;7.0;1535
20130121;03047;13.1;1555
20130121;03049;14.2;1535
20130121;03050;9.0;0035
20130121;03052;7.0;1515
20130121;03055;8.3;1605
20130121;03060;3.0;1330
20130122;03033;15.0;1355
20130122;03034;13.0;1450
20130122;03035;19.0;1435
20130122;03037;12.0;1355
20130122;03045;17.0;1455
20130122;03047;19.9;1630
20130122;03049;21.7;1515
20130122;03050;17.9;1635
20130122;03052;17.0;1535
20130122;03055;16.6;1620
20130122;03060;6.3;1530
20130123;03033;17.9;1355
20130123;03034;12.0;1350
20130123;03035;23.0;1455
20130123;03037;10.0;1215
20130123;03045;22.0;1435
20130123;03047;25.2;1640
20130123;03049;23.0;1515
20130123;03050;23.6;1615
20130123;03052;22.0;1455
20130123;03055;22.3;1425
20130123;03060;5.0;1600
20130124;03033;18.0;1415
20130124;03034;14.0;1350
20130124;03035;22.0;1415
20130124;03037;2.0;1635
20130124;03045;2.0;0015
20130124;03047;27.3;1615
20130124;03049;24.2;1535
20130124;03050;25.9;1555
20130124;03052;2.0;0035
20130124;03055;2.3;1710
20130124;03060;4.7;1120
20130125;03033;15.4;1435
20130125;03034;10.0;1350
20130125;03035;21.0;1315
20130125;03037;12.0;1455
20130125;03045;12.0;1255
20130125;03049;24.3;1555
20130125;03050;14.2;0015
20130125;03052;12.0;1435
20130125;03055;11.4;1530
20130125;03060;2.4;1240
20130126;03033;13.9;1515
20130126;03034;10.0;1650
20130126;03035;16.0;1335
20130126;03037;14.0;1335
20130126;03045;15.0;1355
20130126;03048;8.6;2230
20130126;03049;24.8;1415
20130126;03050;19.4;1555
20130126;03052;15.0;1315
20130126;03055;15.4;1735
20130126;03060;1.2;1240
20130127;03033;13.1;1555
20130127;03034;12.0;1350
20130127;03035;21.0;1335
20130127;03037;13.0;1635
20130127;03045;23.0;1355
20130127;03048;16.7;1455
20130127;03049;22.9;1535
20130127;03050;25.0;1515
20130127;03052;22.0;1455
20130127;03055;22.9;1445
20130127;03060;3.2;1455
20130128;03033;11.7;1355
20130128;03034;10.0;1450
20130128;03035;20.0;1235
20130128;03037;17.0;1535
20130128;03045;22.0;1255
20130128;03048;14.2;1435
20130128;03049;21.6;1335
20130128;03050;25.0;1415
20130128;03052;22.0;1535
20130128;03055;20.2;1345
20130128;03060;0.2;0000
20130129;03033;0.0;1155
20130129;03034;0.0;0015
20130129;03035;10.0;0015
20130129;03037;1.0;0015
20130129;03045;14.0;0035
20130129;03048;3.8;0000
20130129;03049;17.4;0015
20130129;03050;16.9;0155
20130129;03052;12.0;0015
20130129;03055;9.7;0150
20130129;03060;-10.9;0000
20130130;03033;3.6;1515
20130130;03034;3.0;1550
20130130;03035;10.0;1415
20130130;03037;3.0;1515
20130130;03045;7.0;1615
20130130;03048;8.1;1610
20130130;03049;9.2;1555
20130130;03050;10.2;1655
20130130;03052;4.0;1535
20130130;03055;6.7;1630
20130130;03060;-5.7;2350
20130131;03033;10.6;1535
20130131;03034;9.0;1450
20130131;03035;17.0;1355
20130131;03037;1.0;0115
20130131;03045;10.0;1255
20130131;03048;11.0;1520
20130131;03049;17.0;1535
20130131;03050;17.2;1635
20130131;03052;13.0;1255
20130131;03055;10.1;1045
20130131;03060;-1.6;1530
;20130131;03061;0.5