20130101;03026;-2.8;1253
20130101;03027;-2.2;1453
20130101;03028;-3.9;1356
20130101;03029;-2.8;1253
20130101;03030;-3.9;1453
20130101;03031;7.2;1553
20130101;03032;16.1;1453
20130101;03033;1.2;1415
20130101;03040;-5.0;1314
20130101;03041;M;0000
20130101;03044;7.0;1355
20130101;03045;-4.0;1315
20130101;03048;4.0;1535
20130101;03054;1.6;1445
20130101;03055;-5.0;1520
20130101;03058;10.6;1515
20130101;03059;10.0;1155
20130101;03060;-11.5;1400
20130102;03026;0.0;1353
20130102;03027;-0.6;1253
20130102;03028;-1.1;1456
20130102;03029;-2.8;1453
20130102;03030;2.0;1551
20130102;03031;8.9;1453
20130102;03032;11.1;1553
20130102;03033;2.3;1515
20130102;03040;-3.0;1213
20130102;03041;-15.0;1516
20130102;03044;10.0;1535
20130102;03045;-8.0;0135
20130102;03048;2.6;1545
20130102;03054;4.5;1540
20130102;03055;-0.2;1525
20130102;03058;10.0;1615
20130102;03059;10.0;1615
20130102;03060;-7.5;1340
20130103;03026;0.6;1353
20130103;03027;-3.9;1353
20130103;03028;-2.2;1256
20130103;03029;-3.9;1253
20130103;03030;0.0;1353
20130103;03031;0.6;1153
20130103;03032;5.6;0953
20130103;03033;-1.7;1535
20130103;03040;-2.0;1114
20130103;03041;-10.0;1316
20130103;03044;3.0;1215
20130103;03048;2.1;1455
20130103;03054;1.5;1600
20130103;03055;-7.4;1005
20130103;03058;1.2;0955
20130103;03059;5.0;1415
20130103;03060;-8.4;1425
20130104;03026;5.6;1153
20130104;03027;-2.2;1553
20130104;03028;2.8;1256
20130104;03029;0.0;1353
20130104;03030;3.9;1353
20130104;03031;1.0;1646
20130104;03032;2.8;1353
20130104;03033;2.0;1435
20130104;03040;3.0;1115
20130104;03041;-5.0;1256
20130104;03044;3.0;1235
20130104;03048;1.8;1535
20130104;03054;0.4;1435
20130104;03058;0.6;1535
20130104;03059;4.0;1455
20130104;03060;-5.4;1545
20130105;03026;4.4;1353
20130105;03027;0.0;1353
20130105;03028;4.4;1456
20130105;03029;3.3;1453
20130105;03030;6.1;1453
20130105;03031;11.1;1553
20130105;03032;12.2;1453
20130105;03033;5.5;1415
20130105;03040;0.0;1114
20130105;03041;-6.0;1937
20130105;03044;13.0;1555
20130105;03048;5.3;1530
20130105;03054;11.3;1515
20130105;03058;10.1;1535
20130105;03059;14.0;1555
20130105;03060;0.3;1450
20130106;03026;8.9;1253
20130106;03027;4.4;1353
20130106;03028;5.0;1356
20130106;03029;3.9;1453
20130106;03030;8.9;1353
20130106;03031;10.0;1553
20130106;03032;13.9;1453
20130106;03033;7.6;1435
20130106;03040;7.0;1315
20130106;03041;-1.0;1237
20130106;03044;13.0;1455
20130106;03048;5.9;1545
20130106;03054;9.5;1530
20130106;03058;9.8;1555
20130106;03059;14.0;1435
20130106;03060;-3.1;1635
20130107;03026;10.0;1253
20130107;03027;6.1;1353
20130107;03028;12.2;1256
20130107;03029;5.6;1353
20130107;03030;10.6;1353
20130107;03031;10.6;1453
20130107;03032;11.1;1353
20130107;03033;8.1;1555
20130107;03040;7.0;1334
20130107;03041;0.0;1437
20130107;03044;12.0;1335
20130107;03048;9.2;1600
20130107;03054;9.2;1335
20130107;03058;11.5;1615
20130107;03059;12.0;1435
20130107;03060;-0.1;1410
20130108;03026;10.0;1353
20130108;03027;6.7;1353
20130108;03028;11.1;1056
20130108;03029;5.0;1353
20130108;03030;15.0;1453
20130108;03031;7.2;1353
20130108;03032;10.0;1053
20130108;03033;12.5;1255
20130108;03040;8.0;1215
20130108;03041;-3.0;1957
20130108;03044;8.0;1515
20130108;03048;11.2;1545
20130108;03054;10.2;1540
20130108;03058;5.8;1615
20130108;03059;10.0;1435
20130108;03060;-1.6;1305
20130109;03026;12.2;1353
20130109;03027;8.9;1453
20130109;03028;11.7;1256
20130109;03029;8.3;1553
20130109;03030;11.7;1353
20130109;03031;M;0002
20130109;03032;10.0;1153
20130109;03033;11.0;1355
20130109;03040;9.0;1235
20130109;03041;1.0;1257
20130109;03044;7.0;0015
20130109;03048;11.6;1525
20130109;03054;9.6;1525
20130109;03058;5.0;1755
20130109;03059;11.0;0635
20130109;03060;1.7;1540
20130110;03026;11.1;1253
20130110;03027;8.3;1453
20130110;03028;10.0;1256
20130110;03029;5.6;1553
20130110;03030;8.3;1653
20130110;03031;M;0053
20130110;03032;18.3;1553
20130110;03033;11.3;1435
20130110;03040;8.0;1635
20130110;03041;M;1517
20130110;03044;15.0;1535
20130110;03048;9.4;1615
20130110;03054;12.1;1510
20130110;03058;17.0;1615
20130110;03059;16.0;1435
20130110;03060;4.4;1220
20130111;03026;12.0;1148
20130111;03027;2.8;0053
20130111;03028;11.7;1056
20130111;03029;-0.6;0053
20130111;03030;16.1;1153
20130111;03031;M;0053
20130111;03032;18.9;1453
20130111;03033;5.1;0255
20130111;03040;3.0;0055
20130111;03041;-10.0;0037
20130111;03044;21.0;1515
20130111;03048;8.6;0555
20130111;03054;15.2;1450
20130111;03058;22.0;1455
20130111;03059;19.0;1335
20130111;03060;-2.1;0000
20130112;03024;-4.4;1351
20130112;03026;M;1453
20130112;03027;-4.4;1153
20130112;03028;-4.4;1356
20130112;03029;-7.8;1353
20130112;03030;-2.8;0053
20130112;03031;10.6;1453
20130112;03032;14.4;1453
20130112;03033;-0.1;1355
20130112;03040;-10.0;1455
20130112;03041;-20.0;1437
20130112;03044;12.0;0015
20130112;03048;0.0;1335
20130112;03054;3.5;1630
20130112;03058;9.6;1555
20130112;03059;16.0;1355
20130113;03024;-2.8;1451
20130113;03026;M;1453
20130113;03027;-3.3;1453
20130113;03028;-5.0;1456
20130113;03029;-6.7;1353
20130113;03030;-1.7;1553
20130113;03031;3.3;1453
20130113;03032;9.4;1453
20130113;03033;-0.6;1435
20130113;03040;-10.0;1235
20130113;03041;-21.0;1157
20130113;03044;4.0;1555
20130113;03048;1.1;1500
20130113;03054;0.4;1530
20130113;03058;5.3;1635
20130113;03059;6.0;1355
20130113;03061;-13.0;1455
20130114;03024;-1.7;1551
20130114;03026;M;0253
20130114;03027;-8.9;1353
20130114;03028;-3.9;1456
20130114;03029;-8.0;1302
20130114;03030;-0.6;1453
20130114;03031;2.8;1653
20130114;03032;7.8;1653
20130114;03033;-4.0;1415
20130114;03040;-11.0;1315
20130114;03041;-19.0;1037
20130114;03044;4.0;1615
20130114;03048;1.8;1435
20130114;03054;-3.8;1705
20130114;03058;1.7;1555
20130114;03059;7.0;1415
20130114;03061;-11.3;1325
20130115;03024;0.6;1651
20130115;03026;M;1853
20130115;03027;-7.2;1353
20130115;03028;-0.6;1356
20130115;03029;-5.6;1553
20130115;03030;0.6;1453
20130115;03031;2.8;1653
20130115;03032;7.2;1553
20130115;03033;-4.0;1535
20130115;03040;-2.0;2255
20130115;03041;-12.0;2237
20130115;03044;5.0;1615
20130115;03048;-1.1;1525
20130115;03054;-0.9;1505
20130115;03056;1.9;1455
20130115;03058;3.1;1635
20130115;03059;6.0;1315
20130115;03061;-8.6;1555
20130116;03024;11.7;1551
20130116;03026;11.1;1253
20130116;03027;1.7;1453
20130116;03028;11.1;1356
20130116;03029;0.6;1453
20130116;03030;12.8;1453
20130116;03031;11.7;1553
20130116;03032;14.4;1453
20130116;03033;4.7;1435
20130116;03039;0.0;1348
20130116;03040;7.0;1355
20130116;03041;-6.0;1837
20130116;03044;12.0;1335
20130116;03048;4.9;1525
20130116;03054;10.9;1550
20130116;03056;11.6;1555
20130116;03058;12.2;1635
20130116;03059;12.0;1455
20130116;03061;-5.9;2105
20130117;03024;11.7;1551
20130117;03026;11.7;1453
20130117;03027;7.2;1353
20130117;03028;10.6;1456
20130117;03029;3.3;1453
20130117;03030;11.7;1453
20130117;03031;13.9;1453
20130117;03032;17.2;1553
20130117;03039;-3.0;1408
20130117;03040;7.0;1235
20130117;03041;-2.0;1157
20130117;03044;15.0;1335
20130117;03048;9.0;1635
20130117;03054;11.8;1545
20130117;03056;13.9;1555
20130117;03058;14.2;1555
20130117;03059;17.0;1355
20130117;03061;0.9;1440
20130118;03024;16.1;1551
20130118;03026;16.7;1253
20130118;03027;8.3;1353
20130118;03028;16.1;1256
20130118;03029;6.7;1453
20130118;03030;16.7;1453
20130118;03031;15.6;1653
20130118;03032;16.7;1553
20130118;03039;-2.0;1128
20130118;03040;11.0;1235
20130118;03041;-6.0;1337
20130118;03044;17.0;1455
20130118;03048;10.5;1535
20130118;03054;15.6;1505
20130118;03056;16.0;1535
20130118;03058;16.2;1555
20130118;03059;16.0;1255
20130118;03061;3.1;1420
20130119;03024;17.2;1451
20130119;03026;12.8;1153
20130119;03027;10.0;1353
20130119;03028;14.4;1356
20130119;03029;7.2;1553
20130119;03030;16.1;1453
20130119;03031;20.0;1553
20130119;03032;20.0;1453
20130119;03039;0.0;1248
20130119;03040;12.0;1335
20130119;03041;-3.0;1317
20130119;03044;20.0;1435
20130119;03048;11.8;1535
20130119;03054;17.1;1330
20130119;03056;18.5;1535
20130119;03058;20.0;1635
20130119;03059;19.0;1455
20130119;03061;3.2;1510
20130120;03024;16.7;1351
20130120;03026;8.9;1153
20130120;03027;9.4;1353
20130120;03028;12.2;1356
20130120;03029;8.9;1553
20130120;03030;13.3;1253
20130120;03031;17.8;1553
20130120;03032;21.7;1453
20130120;03039;0.0;0948
20130120;03040;6.0;1055
20130120;03041;-2.0;1257
20130120;03044;18.0;1415
20130120;03048;11.6;1600
20130120;03054;18.4;1550
20130120;03056;18.6;1535
20130120;03058;18.5;1655
20130120;03059;22.0;1555
20130120;03061;1.2;1450
20130121;03024;8.9;1651
20130121;03026;12.8;1353
20130121;03027;9.4;1453
20130121;03028;9.4;1456
20130121;03029;8.9;1553
20130121;03030;8.9;1553
20130121;03031;10.0;1453
20130121;03032;18.3;1253
20130121;03039;0.0;1148
20130121;03040;10.0;1235
20130121;03041;-3.0;1437
20130121;03044;11.0;1555
20130121;03048;11.7;1550
20130121;03054;8.5;1645
20130121;03056;8.5;1655
20130121;03058;13.1;1635
20130121;03059;19.0;1355
20130121;03061;3.5;1240
20130122;03024;17.8;1551
20130122;03026;14.4;1153
20130122;03027;12.8;1353
20130122;03028;18.3;1256
20130122;03029;11.1;1553
20130122;03030;17.2;1453
20130122;03031;18.3;1653
20130122;03032;18.9;1553
20130122;03039;4.0;1428
20130122;03040;15.0;1235
20130122;03041;-1.0;1357
20130122;03044;19.0;1655
20130122;03048;14.6;1540
20130122;03054;18.5;1545
20130122;03056;19.0;1555
20130122;03058;20.0;1655
20130122;03059;18.0;1415
20130122;03061;6.1;1335
20130123;03024;21.7;1651
20130123;03026;17.2;1153
20130123;03027;14.4;1453
20130123;03028;23.9;1456
20130123;03029;12.8;1453
20130123;03030;22.2;1553
20130123;03031;22.8;1653
20130123;03032;23.3;1553
20130123;03039;5.0;1009
20130123;03040;17.0;1415
20130123;03041;3.0;1337
20130123;03044;26.0;1615
20130123;03048;14.6;1550
20130123;03054;22.6;1550
20130123;03056;23.6;1615
20130123;03058;25.8;1555
20130123;03059;23.0;1435
20130123;03061;9.0;1315
20130124;03024;3.9;0051
20130124;03026;11.1;1453
20130124;03027;13.9;1153
20130124;03028;8.9;1456
20130124;03029;7.2;1153
20130124;03030;1.7;1653
20130124;03031;24.4;1453
20130124;03032;27.2;1453
20130124;03039;0.0;1149
20130124;03040;16.0;1234
20130124;03041;-3.0;0017
20130124;03044;27.0;1615
20130124;03047;11.7;2330
20130124;03048;15.8;1545
20130124;03054;23.9;1540
20130124;03056;24.4;1535
20130124;03058;27.2;1535
20130124;03059;27.0;1435
20130124;03061;7.9;1230
20130125;03024;13.3;1451
20130125;03026;12.2;1453
20130125;03027;12.2;1453
20130125;03028;13.9;1256
20130125;03029;7.0;1537
20130125;03030;11.7;1453
20130125;03031;20.0;1453
20130125;03032;26.7;1353
20130125;03039;-3.0;1047
20130125;03040;8.0;1315
20130125;03041;-3.0;1057
20130125;03044;16.0;0015
20130125;03047;25.5;1510
20130125;03048;16.0;1350
20130125;03054;15.3;1235
20130125;03056;17.9;1455
20130125;03058;23.3;1755
20130125;03059;26.0;1435
20130125;03061;1.8;1530
20130126;03024;17.8;1351
20130126;03026;15.6;1153
20130126;03027;11.0;1527
20130126;03028;19.0;1540
20130126;03029;6.1;1553
20130126;03030;15.0;1553
20130126;03031;22.8;1553
20130126;03032;20.0;1453
20130126;03039;-2.0;1148
20130126;03040;11.0;1214
20130126;03041;-2.0;1157
20130126;03044;23.0;1615
20130126;03047;25.0;1600
20130126;03048;14.9;1410
20130126;03054;17.6;1415
20130126;03056;20.0;1455
20130126;03058;19.9;1615
20130126;03059;23.0;1435
20130126;03061;2.3;0240
20130127;03024;23.3;1451
20130127;03026;12.8;1353
20130127;03027;10.0;1253
20130127;03028;18.9;1356
20130127;03029;8.3;1453
20130127;03030;23.9;1453
20130127;03031;23.3;1453
20130127;03032;24.4;1553
20130127;03039;M;0100
20130127;03040;13.0;1415
20130127;03041;-4.0;0017
20130127;03044;26.0;1415
20130127;03047;24.9;1540
20130127;03054;21.0;1545
20130127;03056;22.8;1535
20130127;03058;25.4;1615
20130127;03059;24.0;1415
20130127;03061;3.0;1645
20130128;03024;22.2;1451
20130128;03026;18.9;1453
20130128;03027;9.4;1353
20130128;03028;18.3;1256
20130128;03029;3.3;0053
20130128;03030;21.7;1353
20130128;03031;25.0;1553
20130128;03032;25.6;1553
20130128;03039;M;1349
20130128;03040;11.0;1135
20130128;03041;-6.0;0117
20130128;03044;26.0;1335
20130128;03047;26.1;1520
20130128;03054;20.6;1355
20130128;03056;22.9;1515
20130128;03058;25.5;1355
20130128;03059;24.0;1415
20130128;03061;0.1;0025
20130129;03024;13.3;0051
20130129;03026;-0.6;0053
20130129;03027;-2.0;0005
20130129;03028;1.1;0156
20130129;03029;-3.9;1353
20130129;03030;9.4;0153
20130129;03031;17.8;0053
20130129;03032;21.7;1153
20130129;03039;-14.0;0029
20130129;03040;-4.0;1315
20130129;03041;-13.0;0017
20130129;03044;18.0;0015
20130129;03047;17.4;0000
20130129;03054;9.9;0105
20130129;03056;15.1;0115
20130129;03058;13.9;0055
20130129;03059;22.0;1015
20130129;03061;-8.7;1425
20130130;03024;6.1;1651
20130130;03026;2.8;1253
20130130;03027;-1.1;1453
20130130;03028;5.0;1556
20130130;03029;1.1;1453
20130130;03030;6.7;1453
20130130;03031;10.0;1453
20130130;03032;16.1;1653
20130130;03039;-12.0;1129
20130130;03040;0.0;1233
20130130;03041;-13.0;2157
20130130;03044;12.0;1455
20130130;03047;11.5;1615
20130130;03054;8.3;1700
20130130;03056;9.8;1635
20130130;03058;12.5;1555
20130130;03059;12.0;1455
20130130;03061;-4.1;1440
20130131;03024;14.4;1351
20130131;03026;3.9;1453
20130131;03027;6.7;1453
20130131;03028;7.2;1456
20130131;03029;3.9;1153
20130131;03030;8.9;1453
20130131;03031;17.2;1553
20130131;03032;18.3;1453
20130131;03039;-5.0;1430
20130131;03040;5.0;1434
20130131;03041;-10.0;1337
20130131;03044;18.0;1455
20130131;03047;18.1;1520
20130131;03054;14.7;1450
20130131;03056;16.4;1615
20130131;03058;16.1;1555
20130131;03059;17.0;1355
20130131;03061;0.5;1445
