20130101;03011;M;0000
20130101;03012;-3.0;1455
20130101;03013;-3.3;1353
20130101;03014;9.0;0840
20130101;03016;-6.1;1453
20130101;03017;-2.8;1353
20130101;03024;-4.0;1711
20130101;03040;-5.0;1314
20130101;03041;M;0000
20130101;03044;7.0;1355
20130101;03045;-4.0;1315
20130101;03049;9.8;1415
20130101;03050;4.8;1555
20130101;03052;-5.0;1155
20130101;03054;-0.5;1300
20130101;03058;10.6;1515
20130101;03059;10.0;1155
20130101;03060;-11.5;1400
20130102;03011;-3.0;1215
20130102;03012;-4.0;1355
20130102;03013;2.2;1453
20130102;03014;-7.0;1615
20130102;03016;-4.4;1353
20130102;03017;-1.1;1053
20130102;03024;3.3;1451
20130102;03040;-3.0;1213
20130102;03041;-15.0;1516
20130102;03044;10.0;1535
20130102;03045;-8.0;0135
20130102;03049;10.6;1335
20130102;03050;8.2;1655
20130102;03052;1.0;1355
20130102;03058;10.0;1615
20130102;03059;10.0;1615
20130102;03060;-7.5;1340
20130103;03011;-5.0;1355
20130103;03012;-5.0;1335
20130103;03013;1.7;1353
20130103;03014;-5.0;1625
20130103;03016;-5.6;1553
20130103;03017;0.6;1253
20130103;03024;3.3;1551
20130103;03040;-2.0;1114
20130103;03041;-10.0;1316
20130103;03044;3.0;1215
20130103;03049;0.7;0135
20130103;03050;4.0;1335
20130103;03052;1.0;1515
20130103;03058;1.2;0955
20130103;03059;5.0;1415
20130103;03060;-8.4;1425
20130104;03011;-1.0;1255
20130104;03012;-4.0;1535
20130104;03013;3.9;1353
20130104;03014;-6.0;1625
20130104;03016;-5.6;1453
20130104;03017;7.2;1353
20130104;03024;2.2;1251
20130104;03040;3.0;1115
20130104;03041;-5.0;1256
20130104;03044;3.0;1235
20130104;03049;0.0;1655
20130104;03050;2.6;0015
20130104;03052;2.0;1215
20130104;03058;0.6;1535
20130104;03059;4.0;1455
20130104;03060;-5.4;1545
20130105;03011;3.0;1335
20130105;03012;-2.0;1435
20130105;03013;7.2;1353
20130105;03014;-19.0;0805
20130105;03016;-4.4;1553
20130105;03017;2.8;1453
20130105;03024;7.2;1351
20130105;03040;0.0;1114
20130105;03041;-6.0;1937
20130105;03044;13.0;1555
20130105;03049;6.3;1555
20130105;03050;13.8;1615
20130105;03052;6.0;1355
20130105;03058;10.1;1535
20130105;03059;14.0;1555
20130105;03060;0.3;1450
20130106;03011;6.0;1115
20130106;03012;2.0;1415
20130106;03013;5.0;1353
20130106;03014;6.0;1705
20130106;03016;-5.6;1553
20130106;03017;7.2;1253
20130106;03024;10.6;1551
20130106;03040;7.0;1315
20130106;03041;-1.0;1237
20130106;03044;13.0;1455
20130106;03049;9.0;1615
20130106;03050;12.5;1615
20130106;03052;9.0;1435
20130106;03058;9.8;1555
20130106;03059;14.0;1435
20130106;03060;-3.1;1635
20130107;03011;4.0;1155
20130107;03012;1.0;1315
20130107;03013;10.0;1353
20130107;03014;4.0;1625
20130107;03016;-0.6;1453
20130107;03017;10.0;1253
20130107;03024;10.6;1351
20130107;03040;7.0;1334
20130107;03041;0.0;1437
20130107;03044;12.0;1335
20130107;03049;11.6;1515
20130107;03050;9.6;1235
20130107;03052;10.0;1435
20130107;03058;11.5;1615
20130107;03059;12.0;1435
20130107;03060;-0.1;1410
20130108;03011;3.0;1355
20130108;03012;3.0;1535
20130108;03013;12.2;1453
20130108;03014;11.0;0850
20130108;03016;0.6;1453
20130108;03017;10.6;1153
20130108;03024;13.3;1551
20130108;03040;8.0;1215
20130108;03041;-3.0;1957
20130108;03044;8.0;1515
20130108;03049;2.0;1715
20130108;03050;7.6;2115
20130108;03052;13.0;1415
20130108;03058;5.8;1615
20130108;03059;10.0;1435
20130108;03060;-1.6;1305
20130109;03011;7.0;1135
20130109;03012;4.0;1255
20130109;03013;11.7;1453
20130109;03016;1.1;1353
20130109;03017;15.6;1353
20130109;03024;10.6;1251
20130109;03040;9.0;1235
20130109;03041;1.0;1257
20130109;03044;7.0;0015
20130109;03049;3.6;0555
20130109;03050;7.3;0155
20130109;03052;9.0;1455
20130109;03058;5.0;1755
20130109;03059;11.0;0635
20130109;03060;1.7;1540
20130110;03011;5.0;1115
20130110;03012;6.0;1435
20130110;03013;7.0;1200
20130110;03014;2.0;1615
20130110;03016;6.1;2253
20130110;03017;7.2;2153
20130110;03024;8.9;2351
20130110;03040;8.0;1635
20130110;03041;M;1517
20130110;03044;15.0;1535
20130110;03049;12.0;1535
20130110;03050;13.0;1615
20130110;03052;6.0;1535
20130110;03058;17.0;1615
20130110;03059;16.0;1435
20130110;03060;4.4;1220
20130111;03011;-2.0;0015
20130111;03012;1.0;0035
20130111;03013;13.3;1053
20130111;03014;-7.0;0800
20130111;03016;2.8;0053
20130111;03017;5.6;0053
20130111;03024;17.2;1351
20130111;03040;3.0;0055
20130111;03041;-10.0;0037
20130111;03044;21.0;1515
20130111;03049;17.7;1555
20130111;03050;19.5;1535
20130111;03052;15.0;1235
20130111;03058;22.0;1455
20130111;03059;19.0;1335
20130111;03060;-2.1;0000
20130112;03011;-12.0;1255
20130112;03012;-7.0;1315
20130112;03013;-2.8;1453
20130112;03014;-8.0;1625
20130112;03016;-7.2;1453
20130112;03017;-12.2;1353
20130112;03024;0.6;0051
20130112;03040;-10.0;1455
20130112;03041;-20.0;1437
20130112;03044;12.0;0015
20130112;03049;13.5;0035
20130112;03050;12.5;0015
20130112;03052;0.0;0035
20130112;03058;9.6;1555
20130112;03059;16.0;1355
20130113;03011;-12.0;1415
20130113;03012;-7.0;1355
20130113;03013;-4.4;1453
20130113;03014;-8.0;1645
20130113;03016;-9.4;1453
20130113;03017;-12.2;1253
20130113;03040;-10.0;1235
20130113;03041;-21.0;1157
20130113;03044;4.0;1555
20130113;03049;5.1;1555
20130113;03050;1.2;1415
20130113;03052;-5.0;1535
20130113;03058;5.3;1635
20130113;03059;6.0;1355
20130114;03011;M;0155
20130114;03012;-6.0;1315
20130114;03013;-2.2;1453
20130114;03014;M;1405
20130114;03016;-10.6;1553
20130114;03017;-11.1;1453
20130114;03040;-11.0;1315
20130114;03041;-19.0;1037
20130114;03044;4.0;1615
20130114;03049;-0.7;1735
20130114;03050;2.6;1615
20130114;03052;-1.0;1335
20130114;03058;1.7;1555
20130114;03059;7.0;1415
20130115;03011;-5.0;1635
20130115;03012;-8.0;1335
20130115;03013;0.6;1553
20130115;03014;-10.0;1645
20130115;03016;-9.4;1453
20130115;03017;0.6;2253
20130115;03040;-2.0;2255
20130115;03041;-12.0;2237
20130115;03044;5.0;1615
20130115;03049;2.0;1515
20130115;03050;2.6;1435
20130115;03052;-1.0;1255
20130115;03056;1.9;1455
20130115;03058;3.1;1635
20130115;03059;6.0;1315
20130116;03011;1.0;1155
20130116;03012;2.0;1455
20130116;03013;13.3;1453
20130116;03014;-4.0;1635
20130116;03016;-2.8;1553
20130116;03017;8.9;1353
20130116;03039;0.0;1348
20130116;03040;7.0;1355
20130116;03041;-6.0;1837
20130116;03044;12.0;1335
20130116;03049;9.5;1455
20130116;03050;11.0;1615
20130116;03052;10.0;1555
20130116;03056;11.6;1555
20130116;03058;12.2;1635
20130116;03059;12.0;1455
20130117;03011;2.0;1335
20130117;03012;6.0;1355
20130117;03013;11.7;1453
20130117;03014;1.0;1650
20130117;03016;-0.6;1453
20130117;03017;8.9;1453
20130117;03039;-3.0;1408
20130117;03040;7.0;1235
20130117;03041;-2.0;1157
20130117;03044;15.0;1335
20130117;03049;13.0;1455
20130117;03050;13.1;1555
20130117;03052;10.0;1455
20130117;03056;13.9;1555
20130117;03058;14.2;1555
20130117;03059;17.0;1355
20130118;03011;3.0;1255
20130118;03012;4.0;1415
20130118;03013;16.7;1453
20130118;03014;3.0;1650
20130118;03016;0.6;1553
20130118;03017;14.4;1453
20130118;03039;-2.0;1128
20130118;03040;11.0;1235
20130118;03041;-6.0;1337
20130118;03044;17.0;1455
20130118;03049;14.2;1415
20130118;03050;16.4;1555
20130118;03052;15.0;1515
20130118;03056;16.0;1535
20130118;03058;16.2;1555
20130118;03059;16.0;1255
20130119;03011;5.0;1315
20130119;03012;6.0;1455
20130119;03013;16.1;1253
20130119;03014;2.0;1640
20130119;03016;0.6;1353
20130119;03017;13.3;1353
20130119;03039;0.0;1248
20130119;03040;12.0;1335
20130119;03041;-3.0;1317
20130119;03044;20.0;1435
20130119;03049;20.9;1555
20130119;03050;19.4;1655
20130119;03052;15.0;1435
20130119;03056;18.5;1535
20130119;03058;20.0;1635
20130119;03059;19.0;1455
20130120;03011;4.0;1255
20130120;03012;4.0;1555
20130120;03013;13.3;1253
20130120;03016;1.1;1553
20130120;03017;7.8;1053
20130120;03039;0.0;0948
20130120;03040;6.0;1055
20130120;03041;-2.0;1257
20130120;03044;18.0;1415
20130120;03049;20.3;1555
20130120;03050;18.8;1635
20130120;03052;16.0;1335
20130120;03056;18.6;1535
20130120;03058;18.5;1655
20130120;03059;22.0;1555
20130121;03011;5.0;1215
20130121;03012;6.0;1435
20130121;03013;11.7;1553
20130121;03014;4.0;1635
20130121;03016;1.7;1353
20130121;03017;13.3;1453
20130121;03039;0.0;1148
20130121;03040;10.0;1235
20130121;03041;-3.0;1437
20130121;03044;11.0;1555
20130121;03049;14.2;1535
20130121;03050;9.0;0035
20130121;03052;7.0;1515
20130121;03056;8.5;1655
20130121;03058;13.1;1635
20130121;03059;19.0;1355
20130122;03011;8.0;1355
20130122;03012;8.0;1435
20130122;03013;16.1;1453
20130122;03014;6.0;1635
20130122;03016;1.7;1553
20130122;03017;17.2;1253
20130122;03039;4.0;1428
20130122;03040;15.0;1235
20130122;03041;-1.0;1357
20130122;03044;19.0;1655
20130122;03049;21.7;1515
20130122;03050;17.9;1635
20130122;03052;17.0;1535
20130122;03056;19.0;1555
20130122;03058;20.0;1655
20130122;03059;18.0;1415
20130123;03011;8.0;1155
20130123;03012;9.0;1515
20130123;03013;19.4;1453
20130123;03014;11.0;0740
20130123;03016;0.6;1453
20130123;03017;13.9;1153
20130123;03039;5.0;1009
20130123;03040;17.0;1415
20130123;03041;3.0;1337
20130123;03044;26.0;1615
20130123;03049;23.0;1515
20130123;03050;23.6;1615
20130123;03052;22.0;1455
20130123;03056;23.6;1615
20130123;03058;25.8;1555
20130123;03059;23.0;1435
20130124;03011;6.0;1135
20130124;03012;12.0;1535
20130124;03013;6.1;1553
20130124;03014;7.0;1710
20130124;03016;0.0;1353
20130124;03017;18.0;1215
20130124;03039;0.0;1149
20130124;03040;16.0;1234
20130124;03041;-3.0;0017
20130124;03044;27.0;1615
20130124;03049;24.2;1535
20130124;03050;25.9;1555
20130124;03052;2.0;0035
20130124;03056;24.4;1535
20130124;03058;27.2;1535
20130124;03059;27.0;1435
20130125;03011;3.0;1235
20130125;03012;8.0;1455
20130125;03013;15.6;1453
20130125;03014;7.0;1705
20130125;03016;3.0;1441
20130125;03017;15.0;1353
20130125;03039;-3.0;1047
20130125;03040;8.0;1315
20130125;03041;-3.0;1057
20130125;03044;16.0;0015
20130125;03049;24.3;1555
20130125;03050;14.2;0015
20130125;03052;12.0;1435
20130125;03056;17.9;1455
20130125;03058;23.3;1755
20130125;03059;26.0;1435
20130126;03011;2.0;0515
20130126;03012;6.0;1635
20130126;03013;12.8;1553
20130126;03014;7.0;1645
20130126;03016;4.4;1353
20130126;03017;11.7;1353
20130126;03039;-2.0;1148
20130126;03040;11.0;1214
20130126;03041;-2.0;1157
20130126;03044;23.0;1615
20130126;03048;8.6;2230
20130126;03049;24.8;1415
20130126;03050;19.4;1555
20130126;03052;15.0;1315
20130126;03056;20.0;1455
20130126;03058;19.9;1615
20130126;03059;23.0;1435
20130127;03011;5.0;1415
20130127;03012;8.0;1335
20130127;03013;17.2;1553
20130127;03014;7.0;1650
20130127;03016;4.4;1253
20130127;03017;13.9;1353
20130127;03039;M;0100
20130127;03040;13.0;1415
20130127;03041;-4.0;0017
20130127;03044;26.0;1415
20130127;03048;16.7;1455
20130127;03049;22.9;1535
20130127;03050;25.0;1515
20130127;03052;22.0;1455
20130127;03056;22.8;1535
20130127;03058;25.4;1615
20130127;03059;24.0;1415
20130128;03011;0.0;0015
20130128;03012;7.0;1215
20130128;03013;21.7;1253
20130128;03014;3.0;0810
20130128;03016;3.0;0008
20130128;03017;13.3;1153
20130128;03039;M;1349
20130128;03040;11.0;1135
20130128;03041;-6.0;0117
20130128;03044;26.0;1335
20130128;03048;14.2;1435
20130128;03049;21.6;1335
20130128;03050;25.0;1415
20130128;03052;22.0;1535
20130128;03056;22.9;1515
20130128;03058;25.5;1355
20130128;03059;24.0;1415
20130129;03011;M;0455
20130129;03012;-3.0;0015
20130129;03013;2.2;0053
20130129;03014;6.0;0825
20130129;03016;-3.9;1453
20130129;03017;-1.7;1153
20130129;03039;-14.0;0029
20130129;03040;-4.0;1315
20130129;03041;-13.0;0017
20130129;03044;18.0;0015
20130129;03048;3.8;0000
20130129;03049;17.4;0015
20130129;03050;16.9;0155
20130129;03052;12.0;0015
20130129;03056;15.1;0115
20130129;03058;13.9;0055
20130129;03059;22.0;1015
20130130;03011;-6.0;1955
20130130;03012;-1.0;1455
20130130;03013;6.1;1453
20130130;03014;-8.0;0810
20130130;03016;-5.6;1353
20130130;03017;2.8;1453
20130130;03039;-12.0;1129
20130130;03040;0.0;1233
20130130;03041;-13.0;2157
20130130;03044;12.0;1455
20130130;03048;8.1;1610
20130130;03049;9.2;1555
20130130;03050;10.2;1655
20130130;03052;4.0;1535
20130130;03056;9.8;1635
20130130;03058;12.5;1555
20130130;03059;12.0;1455
20130131;03011;1.0;1415
20130131;03012;4.0;1355
20130131;03013;7.8;1453
20130131;03014;-2.0;0845
20130131;03016;0.6;1453
20130131;03017;5.0;1153
20130131;03039;-5.0;1430
20130131;03040;5.0;1434
20130131;03041;-10.0;1337
20130131;03044;18.0;1455
20130131;03048;11.0;1520
20130131;03049;17.0;1535
20130131;03050;17.2;1635
20130131;03052;13.0;1255
20130131;03056;16.4;1615
20130131;03058;16.1;1555
20130131;03059;17.0;1355
